<blank>
<unk>
32
101
97
208
105
110
115
116
224
111
114
209
108
117
100
109
104
99
176
103
225
107
195
112
184
164
98
190
216
128
178
129
181
121
180
130
119
118
217
131
189
166
102
186
170
187
122
168
177
174
149
188
206
169
213
106
179
167
136
161
175
185
215
133
140
172
191
135
196
134
227
158
132
150
153
219
139
182
197
183
113
207
143
173
138
141
218
159
155
151
165
160
148
137
229
156
154
163
144
171
147
152
120
142
145
230
48
214
210
157
231
162
228
49
232
201
236
146
235
233
50
211
57
53
51
52
54
56
55
237
234
198
200
202
199
<sos/eos>
